243106987
399521585
6183809792
1035727437
1177453550
822430092
1287479669
870581964
709789130
360133992
1648075506
1091144080
849965259
728313248
991202350
1476866200
5212080650
1017888466
161516848
1992883062
1386183770
956533373
1856778324
5160657622
5980829232
1014904144
1220789650
364981762
559934839
1132966767
783781251
635337057
920438138
795807193
663130785
1835142016
6272591949
2093979995
879900936
835243680
890236486
983058393
748022446
775402943
6261006972
1046210783
842365694
1052706337
5580858735
474835622
635786522
1929357715
875053569
840433422
1142891771
835279544
369210425
813635632
467301480
965643453
6171351090
1470038638
295790022
1832336851
2129895918
1792051592
550248433
992461562
784164939
805331120
709657844
1932398740
1060958734
1137522190
1029678556
871581736
422220572
933268791
1068382768
890902595
987675109
770216270
1054746723
821745541
792080993
915931275
672220696
929567292
233387129
701723403
866130631
5029368483
300344871
1665690863
1066993557
834955589
1987281067
786989478
1078113844
725864507
1048339417
391321375
711827546
5278909094
616474211
1640072594
1096591634
1263533263
971606831
936427676
5256142650
976336542
5138240463
798603120
935569415
1476012660
1216048816
1322083846
1675108861
728030671
5273353996
1991059989
999347580
528474995
888794427
694555390
5305349258
626526023
541103732
1039483679
805657549
534298579
774769058
1025442815
820723708
826168446
1365641182
312335333
1862068429
1371115423
1797450429
1126845365
801600308
788820299
1174635234
683118621
674782937
859249921
860375467
1663223700
939406601
812745659
945686435
1059810893
1779922884
712161425
5297076363
1141139487
1158081327
812560776
1058056717
5710279463
5999633531
453554672
711643738
644835414
1402513824
556714149
5604066330
1124045553
510775623
696817471
1225762793
1503994163
568119367
1062477586
867842827
685409467
1813501379
1066750527
1434349277
330213233
1127106803
582964930
361101021
653809740
1499550269
1563852949
712373634
1272853916
1771613813
429447445
1501195201
903674956
6093020773
5046898429
902777636
460753135
1196785577
150504794
1876221171
1064134138
872170690
465286153
294851355
726790190
1578054220
217008684
691981795
1172876187
945813653
1013377328
5039536835
1059532415
1300687558
820256251
1427888838
5846274006
5058267230
1085863900
831423641
427558867
613467584
753009256
994800307
1362492660
1914183474
992627883
960349338
675672279
1867593850
546224974
493431034
1377877439
1891064971
6160242283
1574434284
1020747504
735998483
720970947
1291635828
985824448
794542385
1964118128
958924217
591538156
810921921
484115827
980202523
878407412
1682422332
617300547
1211872344
5093162195
1401014081
5314728035
950818968
1001731235
1478707079
930750918
692011123
5852088773
976810493
789556298
526347072
1772839165
5537696459
1536182332
793576229
834866935
6136663538
383258277
1144470298
5082125308
847122604
5468993651
5866274520
699937586
1025040151
1203857642
1033874041
948345652
578538038
777870230
965836025
1386202353
5029940189
1212119517
805686398
1484324449
654478026
882783566
770216698
543669045
398101437
542090936
803164255
5960994277
483516747
599754581
884588911
6196260297
959139821
863387330
710585124
1825692808
973930940
830297830
1024435831
5104474540
1022623362
710181934
915817905
223615114
756970779
492080166
369620755
6015325150
1197051162
1773442107
948320023
5104741822
2073569052
467059552
1048214459
805204446
1100713135
1224951556
869306077
766740573
5817953128
1058168721
1075935866
724977785
919601096
261847230
6141690217
1281344451
5331680770
1055421449
952649558
1996987941
537134275
513540422
760825463
1067922959
786439441
5082429592
5141033047
929893171
1710762354
764014177
1306130207
633222258
1967342236
1363538472
5130852638
1338485828
2125967538
1253268547
1654014905
866603558
847122793
1079972623
663425677
802117928
599007917
763909924
708251095
704173195
1020301966
965692374
1310289088
1264659438
852025214
939572127
377327759
504324497
384671721
655283801
1265956383
5096620017
909108949
1088407977
1397187856
1898679486
1956434221
1411863399
874016969
1016363071
831760091
649411776
893121417
921071108
838700095
5022577009
1599510159
1102583313
995479805
1030877169
733804622
1076987069
2124918285
1057203121
575270820
779449321
6479939037
882474549
5806553863
720140911
719478541
5004471341
1009987337
5204000550
624678467
457059525
655662374
1297552880
403015108
1048586301
1575124688
440194155
570161783
1641240561
1922037549
1368225256
718093910
1055056617
855927127
1833332175
5287164737
1190919666
1355029894
2075766261
1140509828
767806672
1922721192
680514727
308506127
1538004261
882407287
1236132090
799199105
1820501887
1026474551
1142197139
968708203
777884269
930538198
5741203022
981756702
882196224
900129393
6326718095
463441736
693430619
1032669702
1970629418
1353419400
480887737
745224844
801753414
854578577
983162474
5254641712
824499687
1504573724
1258455611
1917522637
1467852232
879340205
782705111
1723812411
1039118060
1356724269
1251043048
486382321
454313099
891923446
463647447
719834434
838653563
1887449431
762238609
5198553334
1049330779
833800842
858348838
996949586
1257807952
964270236
347373536
829963794
1885856981
1314282152
1052786164
5255519880
963079026
6547726001
243106987
399521585
464166682
1668411755
787980916
703235323
1484281809
879774751
1562238909
175646129
1212530181
1067045848
1213565445
1325006041
1025526112
5390558035
871475042
485968788
767387283
721550305
508981778
752304077
5436259156
1195226048
1314193706
5386891077
1191850034
965617979
722415364
834815895
6132252613
1621974426
853474547
633607737
352481393
5200155682
368423672
794810017
817033474
898801962
1016557288
844060766
1152972169
970971913
585966095
734952637
882032755
1165799528
559630917
786352312
1003802995
1861470720
757118672
355538822
369834377
5763908591
3560878
554176950
2098343038
779915232
1972938655
502370437
1029665085
5116114185
472647786
950623667
1570033741
999491234
844910466
727721285
1384731034
1096389924
5029034641
824106023
1055235867
1124946771
5480397716
1313499866
2084126706
684695430
1275141209
1701513958
943998999
1307042918
1787380802
155136118
2009421579
761485506
722458663
1236085558
527181387
896183412
963807156
1327517982
303919755
5093504811
1718723943
5066933629
469428309
533402296
354724883
720616408
909038388
388578836
1070903377
191115927
179146646
563073375
895956597
6294720770
1035861251
697722713
730621338
5550407795
6390983807
1286724303
725667127
1923330358
1520004623
725448487
916423465
5431190700
366942379
1886181065
802955542
1994642005
797232140
1260331291
1382009061
1215488698
846229235
1808219368
855265592
2123015031
753017794
1866321557
576310477
5897268572
5767779442
1038326156
5139313059
1931804212
996002920
1355355258
1498139700
886667672
677762220
1174788052
566831626
5932790559
422244791
1122109562
5156885301
2090483400
1908743636
1898798597
1013924468
649030697
825361740
896188723
882115434
1097329300
808303869
932969647
735691885
789441020
906465840
1239377226
1079556687
1659650298
1978392618
5341568232
2083242644
1470994780
6204125700
1407739646
652286640
830975531
1170229373
922669678
759227817
919837003
780651996
842385542
858989776
334560148
953979066
1787303028
966494814
6313201953
936032836
423870057
490806908
483784568
605327989
448821547
5745523552
1123646114
1271908514
1556889503
1719070190
1065237437
859039895
1081006178
635965506
789950887
744359449
263300123
1097521818
5010042635
712707566
817235386
1766179375
1027220291
736693155
1281210513
1499523448
857695987
6972787357
1069461985
916426586
496695908
1272491524
5139820682
5267926624
582149560
1489584153
1292131166
564646281
5125505976
725640612
477499250
1165372523
754657062
1296204031
901590004
1336596971
1161217425
1068641446
1669451318
1295013258
761666146
796121405
1058148662
642279285
1353754974
1009587037
838470457
1488090278
5245138916
997472213
2013200598
858086528
5151112629
829014025
1030285983
1730110568
1071512639
2069032146
716521813
952310652
5102940512
5027943309
893260178
1585721914
1384115361
5775478141
915158017
5291340833
5324528017
1390363912
1541781972
1702181992
1889797462
239270951
2086833778
693924865
5863526910
1046182613
847169490
1144901993
5805397451
457549069
1516661537
1068823956
2092720424
907433462
1077877569
973584315
1094648939
569701514
1212593604
569004247
980202783
1216049002
1275302938
861678027
6634431694
5039900210
5702261437
652037894
947994786
916718431
5280807597
5486003845
697885549
5533625570
400473377
1315705620
595571105
1340512852
1849908647
1731181241
1072602374
785302840
941391335
1323113804
758734912
890741527
384534593
5862080447
418840434
1120199907
6051426818
346470791
703169649
1412022753
304283818
6292069851
1032121511
1015436018
1085816978
732787579
6891741870
1194679699
832992699
2069547354
6395042088
773300888
6444879122
6108792472
1384472683
603058825
1709885743
156036579
1860154852
1267006075
860723165
308292220
256712591
822729115
5120757304
1147352391
197370854
953476906
578844108
1678441612
909180622
978606103
465804134
789009269
1268292674
1663943028
866586419
1332739862
5591508906
860096194
210708114
6521969541
922146232
1634108767
849196034
2102196349
938415984
5238726920
981247401
1202332048
961695513
720660379
1439163988
829339640
1230379362
1854043306
893791681
545203747
389844723
1867765620
891959372
1117348583
601759126
998215838
1771975086
1223227647
709339744
496041465
1584277371
1624879263
879413991
873158925
869631295
1089797297
5292517160
1008727856
430174733
584996720
904977538
1912966896
1300309710
449957185
729714941
6137343148
1486533380
1431799437
829604586
749931118
5281211197
1892892920
1280393448
1327726976
6123602242
490834710
791741635
485788974
927410696
317006297
896654825
951090339
5154140557
553471196
766732182
6224282261
1637961082
6022443241
1909289925
987593326
450782050
5138288936
345510572
1166412498
1086389681
1348297391
842673152
988685813
1013362618
1007915332
1968168738
800612574
758339270
529600224
848626843
955151371
878041308
1247159834
901815062
1029806155
1276782269
817740458
1910011297
698362600
423955918
2124310590
753944828
930910077
1022565811
838664932
412038010
726981177
864637372
687351151
815874794
1252423522
897979846
796267296
913075343
813780429
1453019382
803865346
429392917
1510077119
569096677
570540766
960987633
1171728883
1050525310
1021827460
1161890900
988030046
1251140232
831430365
743413016
6759277869
1482330240
816122548
252143149
204506097
807481881
1315702882
553062246
419126234
852593023
1898064608
243106987
399521585
1453151781
881655209
5511492255
1179393614
1004626647
1048110361
834421639
1805901030
897274595
5447207641
1981067060
1065719322
894987134
646888468
906187141
887665605
1932634579
428175365
1315273961
388073777
6595863195
836524344
5530332093
943908021
1228209628
750838773
763635298
1065384939
796664732
1263177815
1986582004
333965078
411513942
778026490
6497831791
1187132672
1082328961
1072518307
845522528
337074941
682742444
626959853
1138432594
2010972689
667071062
463591016
663843111
5067983709
1119494642
1778725744
763286570
827880929
2055261628
833277352
882570550
1033011652
862141263
2133939534
5595495664
614293349
893401906
1611403961
942040903
728038952
1770511835
70087560
891249880
1077618282
1197424376
757363054
962826982
710921771
1500871006
670155786
495739517
437900748
968887999
895137429
872625276
1164160924
5801875721
810248412
6143390877
5389879751
861278131
5042966232
1176934580
814203324
1902265608
1721100329
925977385
688428821
722240811
456421656
1204123531
1333917173
644809086
841296660
551461890
1274984317
891392619
985655616
966652653
1942678193
1103476706
629808502
5539229383
1193233817
1574262094
1639009206
776629352
6981458632
6268610506
1516353432
943845814
1142687326
956359896
6783536055
728178102
949603737
602672313
932547633
2124307020
1575449669
489772145
5463071297
527011649
1524138745
1645778771
1071964085
856473096
6246596650
1252172773
908147679
1698331597
1576258824
860319196
824313860
1956161227
1771855796
5419579792
1049648972
5098606172
1389841876
1094294997
1167038117
1912310291
778727972
6815773783
1359811161
5093539066
1868437634
718426771
5174850369
959368989
1000086447
1312315227
848751210
641172159
6887127802
969577498
5601524411
1032457838
1637277218
1310188215
1079656203
607171649
5254224768
6881025793
5113871450
5365517795
799570597
921407783
381733598
1360666393
669724068
1341413777
1115736817
776899968
427745090
1025952278
5941372598
1121021526
1050648935
1654889963
885646565
1759535444
1009434419
5087631238
5278656863
5269705430
523614322
971779231
1051708947
840661808
809584963
5934073482
1095102867
1102646775
405928830
1494455122
590425544
1605374570
877972605
2069027230
1589078817
1786709968
970051706
1092675669
826170956
848566931
6775558330
730735865
1104841216
6592945511
5025389301
817791979
691163164
5497076307
1077397400
6270624449
7058771465
1062694076
1088530366
374691195
2100309094
5963028295
1316100703
585139726
868611342
1335209896
665387849
6821645989
1338485915
527148311
1600653330
1259271723
1797675595
828590015
1304873501
7343980483
947033788
1714703060
6227589304
801844546
885309775
367882091
1552335578
551078075
1078115436
826310835
6430404617
1593275436
1040646315
1077826181
1005493935
5239616956
681441674
967168986
888367644
1161056615
5293549290
1252046554
894093039
7211233059
1021507563
7312747423
564740778
1098619114
1301153751
476713688
824680091
297315521
5702157144
401176418
820362451
1659682346
1965827347
1087486190
1476353768
351651457
1234937885
1711367190
911019580
854517097
966784790
1784720461
1482834861
523454273
1055543796
5353768175
1077163701
5258932282
892523741
355188983
930027489
5885899654
7545616010
922215287
243106987
399521585